2 89.81516168352962 94.76919124359708
3 88.58345037264209 95.50580884496648
4 88.21939208451039 91.50272711666373
5 87.09847806841913 94.1547459688018
6 89.69056382590595 93.79114659136015
7 88.27998186715041 93.99646647648252
8 87.2153072157967 93.57153071171247
9 89.46014470180931 97.81708404960223
10 90.64007499064317 96.14445555550384
11 87.68295797274207 91.60101621659487
12 87.49452812979617 94.35618728891609
13 87.32541701717582 92.20630354646441
14 88.0793135107779 96.04678119034763
15 89.78252899813792 96.77251758771583
16 92.99017618433412 98.06340696357061
17 92.58981902559637 95.8982152836538
18 91.19269859013698 96.97259687434075
19 89.19588234945749 97.50827954842887
20 87.44626440556391 99.10567242621636
21 88.33751779778413 96.51038698388939
22 88.39268657144278 98.83544562353337
23 93.70772069580622 97.09205998989559
24 90.55741213296105 99.18479181591465
25 91.12117527865044 98.8771720058958
26 86.98982720715259 98.9391888315224
27 87.19040563159302 99.0029208843246
28 91.03290271974873 91.79123635549914
29 90.06991132934989 92.04707627010437
30 89.97251859899391 89.36571639766794
31 90.98028034233165 92.40550852998607
32 91.13897860683578 92.90615705593456
33 89.63675907650766 90.40667619122847
34 91.52277310595946 88.97184356477872
35 88.08609957377227 93.16833792131439
36 94.37454499916535 93.10619156792939
37 89.87815673955976 88.15359245868693
38 93.57079908164351 90.37639287794921
39 92.1460608060629 95.11171133299575
40 91.35577582239766 88.29244157716815
41 87.1978325237749 94.38737923297819
42 86.99149063171662 94.73669614355643
43 87.29350990322617 91.07431065872275
44 88.76025621928326 90.84884126027073
45 88.22025533323031 95.92415265476781
46 87.01596583086622 96.65219103842209
47 87.34947524285126 90.73100659534433
48 87.96060087201872 92.97643491290945
49 84.87569290491261 94.60305082623431
50 84.8097008154156 95.9245481270723
51 88.38408850951758 93.77965885347547
52 87.70539998929462 96.0359642727554
53 87.61460093490197 90.6174185565881
54 91.37763585404666 93.70084163823412
55 89.13623845390082 94.05704115186869
56 93.69075750871036 90.71674298893876
57 90.94042340828389 90.70795239714484
58 93.12009475768463 93.07090851245623
59 91.23313241020826 92.94870112580207
60 93.62093563934499 94.2036216793526
61 93.11676197675315 92.70283770938343
62 88.92116079747926 91.56506356302316
63 92.39610888172643 95.97491974725926
64 94.61874167044522 94.02015253011218
65 93.7785225666186 91.8932770795216
66 94.38514758614694 94.54873831731516
67 89.43134750589515 98.52744246599164
68 88.7971570193562 94.87329389992075
69 89.5464660835447 97.094920765368
70 88.20387938524576 98.33879308261672
71 86.29528837372185 98.3957676467817
72 88.55532272544991 97.84457165056423
73 86.28941092369412 99.10583961813947
74 88.13612280454078 101.13780416009475
75 91.34778178025499 95.05348774133668
76 86.27161494977592 97.20875454839366
77 89.44765450321506 95.38783527553866
78 89.29214848782932 95.38139542734784
79 89.32389666535317 97.8135463599619
80 92.48911953148968 94.30235615263481
81 94.45855802584595 91.26418359048324
82 89.42374502508783 95.65112688834641
83 93.69780689296634 94.9643437490212
84 92.3843650241665 95.07743868219873
85 90.01647002474819 91.60246590343681
86 96.30585695874727 93.59179901124804
87 94.90815893331742 93.4518332073214
88 93.36281692412462 97.7088888676419
89 90.17871967456209 91.70799309219485
90 92.43352517068077 97.71683334101382
91 88.75673676436114 94.92491362509215
92 93.6245029433761 97.32537776271472
93 88.10763487346941 95.13135650782704
94 88.07786022750295 92.98421811582462
95 88.51331805879366 94.11977550552633
96 91.40888006332358 96.1868096936083
97 88.28733772417037 92.08388152450755
98 85.64770652557526 97.69006408860588
99 89.25831546313306 92.84322785950496
100 85.86471672804576 93.32767568238195
101 87.24171890234005 91.8309174922348
102 87.38155072053993 92.29518000802935
103 87.6396619841662 98.43463422343324
104 86.83636712102425 97.32047351999559
105 84.98965810184933 96.07341806943879
106 88.9864235926482 96.13660366540584
107 86.10097827274642 95.25161083054104
108 89.25831546947461 92.30363048877209
109 87.80663705850036 96.70814156332307
110 91.50759422988345 93.31397569555938
111 85.678890751451 96.39922305297904
112 91.11451416219091 93.01821418460082
113 92.4595387112958 94.80283321976438
114 88.25921270171834 100.04403499143334
115 86.9702892042018 98.01108493502147
116 86.89769783993972 92.975068855003
117 90.35293403682343 98.7470736920724
118 87.33062568750475 99.69272568954644
119 86.71869476673801 95.07680866994976
120 86.52428049176476 98.01630201006148
121 85.71574956696797 92.43423956128862
122 85.96874293531681 95.47430641507455
123 87.88555308277358 92.33403160133174
124 87.72956253049162 91.91838278825814
125 90.2109388031164 96.99355532275098
126 83.38875381830528 94.20703606071793
127 87.96832787385046 97.2019669915725
128 85.47916672807236 92.3004209471877
129 87.19452063829127 91.43058007971841
130 88.69105403736279 93.5107658718381
131 83.65368722013964 92.68945956794427
132 90.20377111345553 94.78455869222947
133 87.92601626574171 96.0977062776798
134 92.37293784667672 96.29081108863089
135 93.16471637375402 94.0739626169748
136 89.61590796278183 93.92270627226065
137 89.12557298405032 95.00145673240499
138 92.75334658720999 97.01453365718423
139 92.04486963848028 95.03421194554218
140 89.2257576017628 96.52316713303563
141 93.88477118486902 94.86393175796958
142 87.99748286719506 91.52511639525085
143 90.38762555831961 97.01310130222734
144 91.51023997754066 92.40098879474532
145 42.86070958754459 71.65209056840091
146 40.58101301989969 71.29420215444226
147 42.04613154717873 74.76992847103197
148 42.88169951244502 73.44315814193305
149 40.87695317736694 72.96545795411424
150 44.546393676904295 69.42860222094292
151 45.35029183069264 73.694410640379
152 45.43294923504406 71.2498765304637
153 41.216353724024906 72.80466715482042
154 45.401409889129916 70.61389024325327
155 41.579762194138496 71.0008552712938
156 41.029435573313656 70.72108348371964
157 40.80113964702793 73.31284421803132
158 43.26732028738166 70.74115458249562
159 41.583836371526516 69.57659845002712
160 44.33824297761383 66.8925894360485
161 42.31017738526603 71.92163737989054
162 44.80358490631138 67.68541526513432
163 47.075972781607476 71.43332266584238
164 45.16321130654585 68.20632372742156
165 40.01126372998568 71.66327596447121
166 42.013995021064595 68.62709741158093
167 43.483957138323625 71.65148932412625
168 43.54075764972437 69.15706437417428
169 41.723409766315164 71.35508206021406
170 41.99156022179157 74.06525995160301
171 44.647191475776125 69.19616949255892
172 43.191799967915045 67.14876309577558
173 45.97050986968005 69.44389463396797
174 47.94940012438297 67.33059856238155
175 43.5932264821257 72.51325035611346
176 43.80005116945629 68.42907387267121
177 42.90030668850351 66.21839158392244
178 45.68675688152729 67.72096831922967
179 42.69354753291961 68.7833687050838
180 45.35301556948183 72.57391305840827
181 44.79733942405548 70.69800809242936
182 43.61919329368534 67.54136251432942
183 42.01382388382714 66.32755091744582
184 43.87696958749364 69.93659366261949
185 44.41372392539016 70.08909529724744
186 44.89436745626336 66.10553817270603
187 46.43023926968368 70.67436470784395
188 44.46950018956447 68.02122882044134
189 44.07674233581944 69.65324895080246
190 42.95757484743461 73.35965051380953
191 45.989716985914924 68.34989715402259
192 40.92294673846969 72.19101801697857
193 46.53985948551687 69.16159118722496
194 40.8452529581689 67.62775913643657
195 45.00491764319977 72.96598829455918
196 41.762971231799916 67.89818490994284
197 44.27247436019451 68.8917581452783
198 40.83440562582348 68.45538773706846
199 41.29978164663736 66.55621798327682
200 46.18984668692194 66.76950501442825
201 43.309205752669 65.44918364903327
202 45.0819031602404 71.52935213839027
203 43.185630469215155 69.65376227098636
204 46.449623509878215 68.91903749591572
205 43.23149920330784 68.1168322012723
206 45.56869319976537 65.87638723678585
207 42.77800102082908 71.91101939893986
208 42.75734735280608 69.1504483594977
209 46.61570875260372 67.27472933568293
210 42.86331684004292 70.29581673636527
211 44.095365960968266 70.36210905239433
212 44.24137138046535 73.05716789734184
213 43.4198824166037 72.50644074255936
214 46.65799049213618 69.08991078839111
215 43.68305950604352 74.16025321033851
216 44.12093397174958 73.33732010547263
217 42.66902755726743 69.3837791919976
218 42.760672716117696 70.57652356983661
219 39.97648710668416 70.26873803228858
220 42.463095024700124 73.25799919325706
221 46.59741902936082 70.3845371475431
222 41.07496476006911 72.22744024009192
223 42.96730503201062 74.80329497286033
224 45.34678131427701 76.39566529103568
225 44.522597276234784 73.27168860022907
226 42.260794259060134 77.1769151086194
227 39.22322120471792 76.11890804394626
228 44.04306999918996 75.00885322771653
229 41.32310959171857 75.88361982270206
230 41.64360746633963 77.65075606037283
231 41.35825697276403 72.67465624753675
232 40.02338989350195 75.45498937434648
233 45.1433648879177 72.98363155128648
234 44.07124024087038 72.8231782228008
235 43.63680337086068 77.30175492860374
236 40.872872396564865 71.38734241384046
237 39.853714247730494 69.58603109855828
238 40.84867028000615 69.88810523688488
239 39.68535558904294 68.60854676108573
240 39.29732783823972 68.96587869430662
241 38.04364123143243 71.03385844386796
242 40.28477014962179 73.53883724407585
243 38.94359889927347 70.04650029807001
244 43.41342952624839 73.65194676002356
245 37.14634281980772 72.18309467886178
246 40.647248813912086 73.94527178091255
247 43.935704492678255 72.06714321455577
248 39.8938726862908 70.42652064571759
249 27.12073766043173 28.204507949769532
250 26.45013102268758 29.554038117802584
251 27.589668413190264 27.738135344228205
252 29.870544145045862 27.98153450763508
253 25.775114940461265 28.975424974481005
254 25.83833862322434 31.427501842662018
255 29.374869690691412 25.38326355149079
256 25.60504540427816 27.781463386222857
257 30.06570445774951 26.952167237546327
258 29.970252810991987 27.908432592492712
259 27.332005638229024 27.442950470611574
260 28.838851595518783 28.504050989026474
261 26.53096319832433 29.443023047882722
262 26.4905149202994 30.058376460105666
263 26.764813192502714 26.1127946175522
264 29.629147400559763 28.887728083899688
265 27.777943871921785 31.743882938092465
266 23.023805528732296 31.09321324719146
267 25.87807109360454 33.26533470977759
268 23.93711899652909 32.59171382650876
269 25.063305719935236 33.677629583971694
270 28.911429390170614 28.04202664968647
271 25.983381649921668 27.25545072755112
272 26.962912617998917 28.391110869724173
273 26.34414727059658 28.150605842022408
274 26.236859507603647 30.037953913706694
275 27.091157051001943 31.130371264802434
276 30.329057200636267 29.617685994523843
277 24.392358427730457 30.833341771080498
278 30.92844547671806 30.01392865754174
279 29.235130112196188 32.41324767234116
280 24.134287149489563 32.16161975161778
281 27.494149143164773 27.679346650849105
282 28.658338281775883 33.024107509676874
283 25.34051428497418 28.607020477208984
284 30.33084146532753 31.185852354964098
285 25.19946545980306 31.441068613222136
286 23.5898151862483 32.79990844022156
287 25.271054333850365 31.29021444472656
288 25.79151520349828 26.60157223245461
289 23.838564056457262 28.87890003924783
290 24.028780157372495 23.35341663727164
291 25.843635009995808 29.41455065662911
292 28.101729619217057 24.393134612292293
293 22.881514613000626 27.191746646310655
294 26.129040803849023 25.471116046560162
295 25.77317431645367 29.944167432952135
296 27.33311699318599 23.08190631149833
297 23.359242591549048 24.29793319565094
298 24.603078883509166 28.81086511988329
299 27.086675121209815 26.70860872333551
300 25.116183630985223 28.427246320053154
301 26.08382139907127 27.222203696136184
302 25.814449083967734 28.685917435621366
303 27.56255149754635 25.264770220587376
304 27.171014884464988 29.10436846915783
305 22.760166769851413 26.40824261769815
306 25.822899831833205 24.441950285501264
307 26.871257604534225 25.34495662545217
308 28.199874280414782 28.5313315371523
309 26.632399936915085 30.681222766534297
310 28.504341902196316 26.614730232748578
311 27.22722429090545 29.30756986655059
312 25.960441852294416 24.43522896430116
313 25.95262251400803 29.79619799478634
314 29.698774694999162 28.99933307444465
315 28.28982866259956 28.682750849332162
316 28.327402240153873 26.537718496376446
317 30.949175661698938 25.238521221446526
318 26.136989477188685 29.58817699064841
319 31.309644444497543 32.53756035026366
320 28.49493649532505 31.068396881631053
321 30.61528638328886 28.014972023992748
322 29.595334459596813 27.971885338611813
323 26.278074366436947 26.985271735932418
324 30.69602747371807 28.35070924997475
325 29.409717072867636 25.80668182510263
326 32.0153697535383 31.844683936888522
327 29.01451216324466 28.938399111771382
328 31.718768349285497 29.943472487623325
329 28.438152034498817 26.739543505144265
330 29.942822281644077 25.810377241930855
331 31.80377339473553 27.552642549581414
332 28.170603431620833 29.530431827158523
333 32.48792444612067 30.252221372173448
334 25.697535480806415 29.70045992043913
335 30.483917035985623 30.027510100412098
336 27.353675796176535 31.092665655774706
337 27.38276744012882 26.184115841489263
338 28.63482008221068 28.436603382297367
339 26.4832156861036 29.474054201212322
340 24.348900121765837 25.872591704645416
341 24.249753083601814 22.88893055621519
342 22.386319937561655 27.08772460109436
343 27.357333342858322 23.56997047890229
344 25.462712909750486 27.092156196085604
345 23.63117754176765 28.77816042383393
346 25.551859839983802 23.071327466707448
347 25.738509592495376 24.730138506501998
348 25.672708246421486 27.96888834517695
349 24.66385423708419 24.423780247044476
350 24.90549363363419 23.26567435678727
351 26.03181091330959 27.148031170089244
352 26.852609399612945 22.8190480651947
