2 91.92915146050046 112.38805889755108
3 91.48773384960515 114.16489721848984
4 89.29173167391835 111.03837653501996
5 94.26067656995002 111.69873590964428
6 92.66335297993047 113.89293691159352
7 89.42772231708861 111.21448795899249
8 91.25575317165006 112.63953565861686
9 93.07002000321869 112.96071735419825
10 89.62656223916565 113.13474462011843
11 93.88593393975286 115.48031394192691
12 95.74987728558851 113.02126397987152
13 90.27972554224016 112.2517334471188
14 92.6164728807754 115.03500373282748
15 86.99655527705067 111.28223808348652
16 92.0835031694542 111.36755018173434
17 89.98484274504264 114.41524124958283
18 92.97082344777478 112.21462541072167
19 89.78466584578648 113.36425019293661
20 86.48519760698737 111.94281164014077
21 91.11060491250836 115.99715420923182
22 89.37445924797106 114.51233941360981
23 89.71750754253374 113.13498857332985
24 93.10793167989189 111.52581009471233
25 92.05546999603303 108.88284343945895
26 90.61494287600595 109.98239898398224
27 92.66313961322683 110.79932244934837
28 96.42032845628104 112.36978513202966
29 93.21075375797764 107.62617577515311
30 91.00727599786597 114.16749041675841
31 96.79400945997241 111.53559700046068
32 96.57229972052546 112.40118098521114
33 93.51684908984382 115.2462012666889
34 95.8357641639598 114.35193020004935
35 92.14950818063583 110.44013131116452
36 89.31552695170652 111.5222929451244
37 89.85022053177487 111.81361504554835
38 94.15169781235959 108.66216074903087
39 91.10541073480327 113.10764402763395
40 93.03244003805119 111.02042142789699
41 95.02242144711674 112.93890859317784
42 94.11221452062993 110.21738143039448
43 92.1380574651701 107.13762259940759
44 91.74570821375518 109.33271407844695
45 89.83005111973556 109.34900939916336
46 91.05681447712833 109.68076894573335
47 93.30636755136938 110.13240079762733
48 93.2208372078958 109.95760772360815
49 92.01633156984991 111.27986870078672
50 91.94236116588267 110.04459680170135
51 90.54860802966519 108.11498345671546
52 89.03820954814597 109.80320651560297
53 94.95098672719531 109.09023509856291
54 90.83931543331173 112.3300755081671
55 90.72287373665314 106.32186936365127
56 92.80989725264966 109.44977374230403
57 88.02974517992942 112.47795281715347
58 90.5788311316328 111.31009715905385
59 85.7154489626343 115.48962704005677
60 90.8891663594186 112.53308889638114
61 89.86839422833566 112.7523014525322
62 90.13524796501491 115.34813953846275
63 88.12284331020483 114.54119926520646
64 85.8069193878227 111.93919211543434
65 91.0082726237077 112.80251510684771
66 90.58608071444462 113.26583194080824
67 91.94733396621734 112.1630826983171
68 90.67074900121423 112.14657289573057
69 88.02666445900921 114.87419825204807
70 89.36963711204785 111.36943906710866
71 93.32625742953356 109.16281815785577
72 92.02674595937037 109.52384225917525
73 90.13928129836908 109.76143589392301
74 86.79450386081975 111.87739157099644
75 93.8491964948846 111.87248659432372
76 87.88846284121051 112.55788612389068
77 88.23100510030231 113.97057841559744
78 91.88870097595041 113.46237248607562
79 91.69564975919205 114.70321993993964
80 92.4062588708017 113.37648952733593
81 94.4725849765724 116.10546642551202
82 90.2975935625006 116.23660103119774
83 94.44003568146404 116.86595586089885
84 89.97832105261519 113.9457732954901
85 91.92656046910712 113.13258515698223
86 89.12342307370149 114.21440148412546
87 93.80251548476345 114.65305698779115
88 88.99815460519564 117.40794903075772
89 91.76231268921715 113.28778818804258
90 50.824348509074525 48.992229639197156
91 49.01623199247823 47.31143927328363
92 51.320513877389594 46.56813134143857
93 51.56776158894731 50.07148744928142
94 51.18187401731865 49.50014809676936
95 47.50078373067441 50.47412072437032
96 50.3617776274358 51.14030483386449
97 49.04095498774067 46.24228707463597
98 54.612844128302264 49.0713614730628
99 52.77475122794903 50.85213166847416
100 49.6859113608435 47.131586171611936
101 48.611922414302526 47.41752906419651
102 51.892076188322214 46.84643744154171
103 50.91115596108762 48.499065379807845
104 49.21193232520422 50.79279127881252
105 49.249259588429 48.652439257701175
106 49.984533930765544 45.044243375143395
107 48.668528355152404 49.411097894219985
108 51.95781558459486 48.5943976625117
109 46.37029511627443 49.284470920105086
110 49.85443615927829 47.695733618504555
111 48.40809408011831 50.78141896005626
112 52.17038956771297 47.51562938070489
113 53.49283450960958 43.92816278205646
114 52.19921251218599 47.24799175843838
115 51.81104996160597 49.661424385317254
116 50.08019911690741 49.50000442504793
117 55.52268367412125 48.28105588858277
118 53.95104689980001 45.27898477915087
119 51.290254718675264 48.461318337890354
120 50.25862097378551 47.09303535079226
121 51.80637561809745 43.94467150932976
122 50.781333249589736 47.91400401003257
123 54.24003187974229 50.27491770731067
124 52.96872294602752 47.33478910029358
125 55.74909205922006 53.082181601166766
126 53.71565438382663 53.514571877410155
127 53.15583765469057 53.33211131609772
128 51.20784106437995 48.20927363145753
129 55.82137047668662 52.91046367264059
130 54.67874561406077 51.991364966152524
131 53.19334505097312 52.60616674769153
132 57.09419054231291 48.699741049197485
133 57.020102594084996 51.475129634719444
134 52.53430036861366 46.287308198145304
135 55.129928908533145 45.36864223528393
136 50.263244220691675 45.490843859386906
137 55.360325625571775 44.51710487398439
138 51.2638326364196 44.72229378670962
139 52.585311554529156 44.467067300660936
140 55.37160623791962 44.728947791478305
141 52.865923302734025 43.917736605536746
142 54.11128120448345 44.873041607377615
143 49.75926945131791 47.656271815912405
144 53.250016836802565 44.00789069420637
145 50.33097110122528 50.238041329450304
146 50.64463523034141 50.05658578980966
147 49.18541236814411 49.56930397840148
148 48.18735270360753 47.597022783631914
149 47.47142728856024 52.42137780415033
150 48.4512036915542 47.238672711926775
151 53.440197481632126 50.491946180482294
152 49.80058567052198 51.80040833946657
153 46.51617883585527 50.614371168521835
154 53.892750655468255 48.66017777172048
155 52.11793686579475 47.35208177835484
156 47.551124083689295 50.578576935734674
157 49.80732937517754 52.02900490848944
158 51.49752450145981 50.905013013406624
159 49.03802594319738 48.396817720137676
160 43.9462850469843 51.78833986001145
161 50.15863979583629 48.945240803865666
162 48.488459455820134 52.35886062477865
163 50.39470697106837 48.90565219616044
164 47.617335273196474 51.975989016033324
165 49.752247125221565 53.75821189705293
166 49.85633490742556 48.47133976929436
167 52.449289957435006 46.731978328864756
168 52.465487127397324 43.29158182354273
169 54.381984626487316 50.22818981863473
170 51.66377593358113 42.88515040227479
171 52.96526580812445 49.68010639637099
172 54.8515861601971 48.292401706305036
173 53.81691699433307 44.52769330052046
174 54.14354202378194 47.242060947786555
175 50.78397502814353 46.85001838271506
176 48.88849752338427 48.14149928954745
177 49.995637957556575 47.741941421754134
178 46.97208630983951 49.477770340620346
179 44.94830135788778 49.90070227955402
180 44.66306292107542 48.51599829468698
181 47.23706886096808 49.27768627982672
182 47.621519615387456 47.02782173825833
183 48.351158586136954 45.893760535167466
184 49.273170809244846 50.88283686624847
185 50.38061322846352 48.6546296566269
186 43.77584839823155 47.69216519744172
187 48.276955250703175 52.63643427800623
188 50.8072134914688 49.32545047747219
189 26.57578208488971 30.478652692516686
190 27.0945259304878 32.982477007624055
191 29.07826662297147 29.826262383240238
192 27.33411104751289 27.241822611212605
193 28.050048259301825 30.75513032677879
194 23.011287908153257 30.936442047539007
195 28.064470760068566 27.101574078627085
196 29.931589630950313 31.655275461847943
197 25.631660330619297 32.24496841983181
198 25.693120173388397 32.29340151581353
199 28.47595980422572 28.457792655394602
200 30.443893398390884 30.125547981326097
201 31.83484268046285 33.26346750121916
202 32.03119398449353 30.345400966468645
203 30.40762112055841 32.75692625584988
204 29.123448609810044 27.022919630798153
205 28.9200807323299 27.720960190378033
206 33.51123404517068 32.01661714692398
207 33.35000703138124 32.27885036384404
208 30.35397797449071 26.86609222934359
209 32.14547525849759 33.536248055131566
210 32.409923774599726 30.96077791872174
211 26.687264159651882 30.797328875736586
212 25.432487298730376 31.089656988789685
213 27.783918778469634 29.686647434112864
214 24.266067663903662 33.24239018560521
215 27.767444489344424 27.877500763859924
216 29.852012354455837 30.018248125271754
217 26.354319141814702 31.068777036419213
218 22.970253062009267 29.591823130657787
219 28.60720044545329 32.22176996689049
220 28.153110868180757 33.15921524595826
221 28.272605350533404 31.842514607339673
222 26.818661669593094 30.412336010771696
223 26.570467370305565 34.08686940066455
224 30.284656488186954 30.92728373789504
225 24.02334706110978 29.42819598397129
226 26.285487739615593 29.277119695242625
227 24.743213049580554 33.62799538389187
228 26.709144707008207 32.109290380756796
229 29.604927363493953 28.362286912893126
230 27.946279438879483 29.852000541021166
231 29.09850178770462 29.379130058202936
232 25.761062464985518 28.184825713424928
233 27.59399842941567 27.90924456833139
234 29.79969117463519 29.252957479801744
235 26.83209737770118 25.041017473158398
236 29.83655267972489 25.106754542137736
237 29.4606137558643 28.36593539261185
238 23.84008562413866 28.798419651554887
239 27.218613633505925 26.893985459057006
240 29.561228897738964 27.125447952542512
241 30.471683149565777 25.924934921540075
242 28.892758200187288 28.804340059755997
243 27.777605835153107 26.46705948351836
244 27.29356000244627 27.225430089171375
245 27.389892692180794 29.909743746008584
246 25.449739976949484 29.130967036932994
247 28.197273048756486 28.25594181971426
248 30.64552650775176 27.670371808890557
249 25.47483532759863 25.70766217143783
250 27.705500224321554 25.08706798112333
251 26.52457689458435 23.537604714287
252 30.167950521700458 26.055472429652944
253 26.104753078604773 28.977104663835004
254 24.97603526605677 30.438906120216018
255 29.25882851830437 33.42961266874356
256 26.533568258707398 32.194333104366706
257 31.858218003976003 35.27273021436801
258 26.266093446059124 31.757826124845487
259 26.94320717316546 31.176370015319364
260 32.48432463012292 31.391875235003937
261 31.810913164749493 30.828044089255393
262 32.62807266312602 31.53877375835139
263 32.98796168285359 33.64994670820387
264 28.444702945582716 33.41105531848407
265 26.190728836510303 35.16464353403893
266 29.762984143691867 28.139883308823094
267 30.011297119121842 30.380621558609082
268 27.14700497460746 29.304793841941205
269 30.997724247391996 28.9445245909451
270 31.193949898877325 27.096997303081302
271 32.536244900097756 27.87692985554011
272 26.499245618415983 29.875425860253078
273 26.763642158788702 29.422028090082545
274 29.003517604844024 30.24528535413211
275 29.5304418816056 27.900608507804627
276 31.42277742612191 26.64052702982461
277 67.40892702260848 73.13723592589584
278 67.52161306068686 69.66600615801245
279 68.529321775959 74.05409739199041
280 66.0772079251615 76.29467701079137
281 68.40688650498875 72.56163107435437
282 68.41690314869477 74.84856377523309
283 65.78403041432837 76.0258995520311
284 65.04103212210427 74.19920234850764
285 64.90730592247621 70.39568054599273
286 65.42745712142256 70.59592712832308
287 67.83251165964093 76.49633504658647
288 65.77273633595519 70.0013784962471
289 68.39073879989027 70.72585708293037
290 68.6533943847499 72.75033748799952
291 67.09537612200016 66.94435539036144
292 67.4049256738052 69.05317166323688
293 66.23591099050813 73.89575548706469
294 65.05232645336466 70.12353430222508
295 66.71921976382795 68.51812145852581
296 66.31974091320028 72.84624049881612
297 68.04474131429141 66.85648200233005
298 68.11293439604684 71.49018631123967
299 67.7491472587906 70.46880243787031
300 64.20380468571747 71.15629419186178
301 64.17416488616594 71.63973226441377
302 67.11688896413412 72.22819862798443
303 67.91748904954598 69.10126317112092
304 70.57194127016116 72.46805179869922
305 70.54519796186413 70.6057767989104
306 66.81791944856407 68.51997331487317
307 71.20427225746408 70.75512906977232
308 68.89784327852408 67.46093725659125
309 67.03849879830352 67.48275350793904
310 69.06422392312855 74.03322212862756
311 68.70993110746765 74.20234598619089
312 70.78970034089402 70.8299022975942
313 70.48632700330693 71.08651135053253
314 70.69398375980136 74.78036946799773
315 68.46320310511618 77.61638142454979
316 71.31552215485358 75.46472883283431
317 66.38879030544508 76.63941821051398
318 70.24278524889084 77.23686611823058
319 66.99401366175617 72.37680628923698
320 71.28658857287687 76.15895194608846
321 65.32970698666199 73.72310590831049
322 63.09962860398915 74.29334873561871
323 68.48273490071014 72.88186464880926
324 64.05430845899296 72.16174045654988
325 62.607255634869944 74.83293398512977
326 61.98031453679227 73.94084131279813
327 65.41291781876528 70.10139713789462
328 64.39979462268963 77.05671137127747
329 66.03913147953236 70.09102033771973
330 68.203114291481 70.94783209297101
331 63.06475872337284 74.30817153688987
332 68.9271845744375 75.76943097728146
333 71.74624515557655 73.18701894319881
334 72.04718028250333 74.4435698036061
335 69.55044201567082 74.12783319291472
336 69.09132767821671 74.0739924000503
337 71.32733386757432 74.78407901177502
338 66.028449095312 75.50988386611887
339 69.13112411529086 73.63333332571541
340 69.66926023346315 73.76060659549766
341 71.80145411574317 78.32165168512586
342 67.81703003541794 75.71052249223507
