1 47.63178511420928 176.1514885799804
2 109.27118210910997 156.92549438422242
3 92.04054469606102 86.61229923101703
4 155.27889705342486 69.14427235040488
5 158.08853279564 67.86165865608157
6 153.91216600940734 70.55480530298644
7 157.8651305958178 68.30406643729343
8 155.8368808765804 69.85325827126404
9 157.4240241010046 70.059909129304
10 153.06850419001333 65.83226542034865
11 154.43056819231919 66.91969322828504
12 154.77255854244382 65.491095498351
13 156.25319382876575 67.41070441654615
14 154.12957580467605 64.98791889825281
15 157.62635844249337 66.23277760124496
16 156.00580288607608 68.17597433163458
17 153.92372522419305 63.95136487519457
18 155.856457845265 72.45484477433706
19 152.7844708988073 73.27618136629484
20 153.4858248707598 72.10024279268276
21 152.046265672617 72.06988350701845
22 153.34002637071836 70.73231987492264
23 155.1448815590442 75.473330499443
24 155.4665447411052 76.1256208020509
25 180.7313697783465 46.162740252803914
26 182.90109089014157 47.525184490319624
27 182.64004698201418 43.439296702969315
28 180.4722719914481 48.59390267236151
29 179.77880047858713 48.24186864988018
30 180.43320495293412 47.32451286701573
31 182.35466465592913 44.9373773529407
32 184.27412291377743 45.13927712980335
33 184.67848236969093 48.748232257601295
34 185.61702800978006 42.65380192908339
35 181.04445322733167 45.60478916149797
36 183.06905345212334 43.376702917461984
37 182.76465703014352 44.16833447984797
38 187.95569472801327 44.505763921633346
39 177.6568894323741 44.95478133781245
40 178.62370517820293 41.21760132491045
41 179.27758914483897 44.95588541982083
42 179.01577930002097 46.43532127449427
43 177.183136485121 41.348518452224354
44 175.64812972218942 42.600383042187396
45 177.60153104822663 45.08932482254527
46 183.9809806627266 45.09385903841493
47 183.56917844344423 47.37103172753471
48 185.2417484459459 42.55397510845531
49 186.27568257283528 44.7724086530657
50 182.96828206944434 42.661948438862616
51 180.7511912123589 47.15892466244796
52 181.44206019188766 44.473505813038415
53 179.24649431965753 49.43154085697839
54 181.08398960594346 48.77678812324049
55 180.78382003400105 51.7610437937475
56 176.67928264158306 47.104842619464456
57 182.3737202096297 47.79004493514624
58 182.52669541633102 51.45553819540808
59 178.70453602632034 47.07901168853896
60 24.93051086724726 131.81988057372047
61 22.646558822387686 131.44925410403675
62 22.40303209404518 130.83018883354487
63 24.49816509173086 132.69078107159697
64 27.295488300206443 133.59582858988142
65 26.910663664504 130.9099300625834
66 27.630844043533205 130.75181065217296
67 26.831671626462658 132.25199179610732
68 30.775883920744924 132.46227896149725
69 24.559992851073506 134.64069769916424
70 24.271683554329353 133.06557771397723
71 29.03067672982066 132.3679524872807
72 24.921725440133493 132.48556696693296
73 27.73654741756849 135.20417398520613
74 24.76444451633694 130.0572548553024
75 26.374964209632964 131.6225915824419
76 28.291731798436516 128.47361456930926
77 22.519732707737603 132.58170946954422
78 23.679740134101756 126.66874033142454
79 26.696703025236978 128.4293406635082
80 23.444944958715727 127.74445885239426
81 25.323267759213877 130.76721677729253
82 22.69004987272786 132.95573053915285
83 23.911160231886143 132.4213359695287
84 27.63948100184639 131.80705951992732
85 24.006594838338557 132.5573597993357
86 23.994738674218247 132.07209540442514
87 25.804391402485894 132.662281913345
88 24.33615895772879 134.88474224388452
89 20.951993584556337 132.85610797229785
90 24.978397389916545 131.92581633293517
91 25.107092458039226 138.18327498202245
92 25.476641923395288 131.6634391862258
93 21.74668037401852 133.54072945502213
94 22.18310420082683 134.82159364332512
95 69.15115314378758 108.9255204954386
96 69.64838505339907 112.47426083685615
97 65.74795527506839 108.52785867932438
98 67.21280783725105 111.59397147161027
99 65.9161466708213 110.90909981991086
100 66.57007490493628 110.11516717764424
101 67.24151565559113 109.26474197226555
102 67.72242503558643 110.21829793008214
103 67.27128226606108 107.78306866376967
104 70.23542705121983 110.13593286232124
105 70.69750948195573 107.97104376051112
106 67.25100219460673 113.99107994619564
107 68.26395942892235 111.36743136536478
108 65.0526994530075 109.84342047596266
109 67.11794050537408 107.28313137541188
110 69.22082632124088 105.06740825643823
111 63.45866685231576 108.52365901121718
112 68.32272886471668 106.27981357575368
113 67.64898144459751 110.72194633194768
114 64.10817705046077 108.80520245426486
115 63.734426465443654 108.72698184198407
116 69.80271038469557 110.96334035079111
117 69.22719915420318 114.55053863741554
118 73.37885851071347 109.87538918130375
119 71.90965945671901 111.33411358999523
120 69.17206890660545 112.5344962217634
121 70.35974949251884 111.50383251630741
122 72.14250263654802 111.62897130982697
123 71.66100048828007 107.87973947470263
124 72.24406934615813 106.14530233784568
125 67.9437461032389 106.78247026187057
126 71.07141937479606 105.86915444321126
127 72.59781908214875 104.1881755050379
128 74.8153150834653 110.29596182767811
129 69.51884452467304 110.54253499223506
130 66.57039215289606 111.39037718436875
131 64.93136521657742 107.85401789534494
132 64.18708116686494 109.91299493453982
133 67.13910094940407 108.2752790344981
134 63.66889403489043 111.75496041158088
135 64.72692025251457 109.27984435186853
136 70.16703900694722 111.55033413164907
137 130.2569288208484 28.97630176461888
138 131.60131211717518 25.68004165886961
139 132.62531957698542 31.716410324672907
140 129.86215918449415 27.300472788798622
141 128.00149004772518 25.948840763208775
142 129.30749102750704 26.22023430510604
143 130.49758889065654 31.046775772265335
144 129.90326677180815 26.280807699336876
145 130.72185657009527 28.896195956500556
146 132.11136766299293 28.50062519459958
147 126.78425330866916 25.120460908991852
148 128.10224368189145 23.085265421549085
149 130.28445859662395 27.815730364722643
150 126.99024708905488 26.737913108485387
151 130.29754169729853 25.79185257256382
152 131.0928432513637 24.039395705559308
153 129.83986351285094 22.293705489165667
154 132.19080250207307 27.131626365010007
155 130.2669240662806 26.45469609230051
156 131.59422150370403 24.552136783272882
157 130.6163075053747 26.901611151517088
158 130.69502673017342 27.204193014659417
159 131.90797820788566 26.146925121480475
160 134.02156466806198 26.88792862710059
161 128.17186008090442 24.691548247228543
162 132.12641057885625 26.7672365734042
163 129.87365027998166 24.058754813552284
164 128.24557753736292 25.100110390021715
