2 92.98254330994908 44.962141024734414
3 93.18943174236679 42.70753523661272
4 89.1399890804887 45.54305908646885
5 92.38081331155328 48.39491628777025
6 95.44176474602398 46.26912972663679
7 90.17007295636556 45.70134868643365
8 94.75185052942746 43.54811399493467
9 94.44440243357423 48.347369391532446
10 90.38948525366908 46.22741057413419
11 95.9367806287617 43.940170719167014
12 94.45659725124936 46.74070517554138
13 93.48651402799767 45.89664223732503
14 92.7116253959987 43.106549042270906
15 91.62090869134163 46.0981347758099
16 89.40070220558835 47.90718722990284
17 89.16048032132976 48.52850819604409
18 90.65656248603439 42.634665587323525
19 89.30682082604392 43.627319774019234
20 94.61699444136084 46.85920464030145
21 90.15434617630677 46.62391773400846
22 90.58570252187708 45.18659494340778
23 88.922021992054 44.99722257640492
24 94.3793129046858 45.048765285588765
25 93.60566590295765 43.19537846673229
26 91.60690184150361 47.28382350813601
27 90.21010150397207 42.39501867494699
28 89.47860417863029 46.230173519054304
29 92.613968104792 48.13528373440677
30 90.20399075824547 44.27492587590093
31 87.50333232590154 44.861379124098406
32 91.77729694239684 49.27842903984426
33 90.51643469810195 47.740905942710455
34 91.0303175449722 46.71924585497482
35 87.03870213400775 44.539023173912184
36 89.01709278503918 44.892656945400596
37 88.4008678641834 45.757824290848795
38 91.55994325950508 43.304796148731235
39 88.10902670293295 42.745119654237826
40 87.24072118565795 46.182179592587346
41 94.41167324005924 42.04651146264662
42 94.20601982345399 38.55654126448414
43 93.46740828163611 42.61516053539683
44 97.363529654807 39.60920810509504
45 92.17626542776387 40.20361513867967
46 94.09183532528478 42.6721560416205
47 94.05369625576715 43.92127353267656
48 91.53660647151173 43.22973353319708
49 96.21161111003032 44.26978992548196
50 91.16199037803793 41.88300548976643
51 95.72003039194051 39.61974944432798
52 90.57543049765754 40.92287326212415
53 96.14655175932742 45.48624820584145
54 92.68537654085844 48.08587698943042
55 92.206991700849 51.3921915076843
56 94.78442847141925 48.88194947935637
57 91.11700953857074 51.2865649601788
58 90.35953697971607 50.877309647376855
59 89.4900981109478 47.6469161494601
60 92.60790180654139 51.583527971460796
61 93.14887556841033 51.30585049464975
62 90.29171134094611 47.80869791980567
63 93.67349421715029 48.56356292847486
64 91.3570890901402 48.24649435309881
65 95.26907670681189 47.2762548358246
66 91.50448865180776 45.52587413989975
67 92.12162733108912 47.778956055005594
68 94.20175260883703 44.94606193442764
69 92.16569666579406 46.60338933044469
70 94.15903579841219 49.45677364510532
71 91.69077735473071 45.55868101706893
72 92.55563948438692 47.28866497581737
73 90.53523164767884 48.823620567365126
74 96.09938525866342 47.79456718543653
75 91.54957828600358 51.366191703337925
76 93.48815821026673 49.910082433467046
77 92.65078718029777 44.00511700161319
78 92.36411158313798 44.867198215767566
79 92.16847126585952 45.99316089005974
80 95.10272334821174 45.48804557930617
81 91.71771291889685 46.35093960625263
82 98.16370680126525 44.79484196492809
83 95.70558327440264 42.35922963638802
84 97.83679432389224 48.12223390747907
85 94.01456642782074 44.344120789858174
86 97.35314011846553 44.5049325508474
87 95.23991540940054 46.82002399752673
88 96.79556322408727 43.308687165954915
89 93.7538332506658 43.281622823052345
90 94.8639666556541 42.5773391517375
91 96.48922582235426 43.308638668217036
92 93.4550301161573 49.08286784173396
93 93.19721777780788 46.37771962634237
94 90.42673222278354 48.80865134508764
95 94.33714576694402 47.20938746957717
96 91.32871753566927 46.16256161905451
97 93.19564956377641 45.87472117407482
98 92.8878984347916 46.38132100103373
99 92.52950518537395 44.49349511193189
100 96.61991060157457 44.93438212152775
101 94.66228108221814 46.11866059655967
102 91.26438699597263 47.90419406554652
103 96.1397750340749 48.47229994807956
104 93.18268129621877 48.77308361466873
105 93.90508885458556 47.19879002244545
106 29.894530098784784 80.0105238425082
107 31.783716230051358 76.89118524543747
108 32.731101163860224 78.3546838245963
109 29.707553794650078 81.78138600001513
110 33.393384882762994 81.11276714523592
111 31.16517170451543 79.73000060309072
112 29.11799104876501 76.58926698629405
113 30.271248626024647 78.34331975184755
114 29.693311117444985 80.94666763545223
115 32.35432958840794 81.55304124262602
116 31.42400914683676 83.60620639910984
117 26.977314076382875 78.52826850483183
118 32.433389801470334 80.20813276241215
119 28.677898770796617 82.88232118695545
120 30.925778767590515 81.8129476341649
121 27.636963170552225 79.28429196310148
122 25.829168187613234 82.71490441198002
123 26.261886471706212 81.33060815974606
124 30.598862501818154 81.68112189696471
125 29.87576800492956 79.78166916754847
126 27.307752295648175 80.07265211920186
127 30.643031729069982 85.77180832196109
128 26.956907227571183 79.52578954272751
129 29.288059731823488 80.09111822089602
130 26.08917293905781 83.61825020215271
131 29.860780594323153 86.31573282109696
132 33.39117052806408 78.12714792050801
133 31.660609679210157 75.17902390751246
134 36.38545416890461 78.10521638614753
135 34.177385285249045 79.5103492196525
136 34.0769903848793 80.51908410650377
137 32.709729320555134 74.75524730790828
138 32.758644377049436 81.16300199610723
139 36.01701439215466 75.76096491094852
140 33.67636384434037 78.46080405968354
141 31.95561985979084 79.39119446080562
142 32.249546034167636 79.70516433827942
143 34.13194644994608 79.79159111207274
144 33.200294342425664 75.99853952531926
145 32.41526099461508 77.01801929389295
146 33.07682373663549 79.48911551846248
147 36.05503989087028 77.33454991604032
148 28.594881437404073 77.11316305959727
149 28.800808702803707 77.25779200629566
150 34.8555525198118 75.54258291694691
151 29.246116039948934 78.90627593314329
152 34.57786067655092 79.83974614700195
153 31.221910315794936 79.9785827526563
154 34.70935484159985 78.30284839121482
155 32.25753733497964 73.75165379459769
156 30.861736592306357 76.08709271832119
157 33.39208890213895 77.15243874869479
158 27.917515441116468 83.09992573563488
159 24.783768553695538 82.12082251538438
160 28.713437386654455 84.29528127108834
161 24.670703753459932 83.49154770368838
162 24.304380968472884 81.6987641382235
163 30.30186137509812 85.04381968127463
164 28.70209917730799 81.15482723302985
165 24.292318407683567 81.75232467353935
166 30.014738387849885 82.37544145601852
167 25.010857708675378 84.36214097844216
168 30.70426586232924 80.45515716309536
169 26.254556504088917 82.2921063084415
170 28.24725684949658 85.47154543032653
171 30.7985476810329 78.31689448764706
172 29.23639943111436 77.10424721268349
173 31.49573174201211 75.49362209236097
174 31.180704941839004 80.92629681841997
175 32.29993111443706 77.53611609003713
176 33.08227441712474 77.51052266869269
177 29.44648179642986 77.52389763622827
178 31.70743448869493 81.38304803785967
179 34.609663110440245 77.65201062511527
180 28.73533819177998 76.72307963670711
181 30.580418368712348 76.85253133400353
182 34.18548402607803 78.2589573261375
183 30.5132031139603 77.62159235667286
184 30.573493457643714 76.11757984383385
185 32.555205319719335 75.03103365434882
186 34.16675543894901 75.98295201400734
187 28.548703182086662 79.32399619521836
188 30.6442795524121 79.09698547440078
189 32.97515719854695 78.34308613340026
190 30.125644070613443 72.15047297362293
191 33.16242925308717 73.81914770389258
192 32.6680604490979 78.32110322750874
193 28.649017135538998 75.85491728088563
194 28.374976513591477 76.76891346631831
195 30.338378548906274 73.84890786137046
196 31.4105058843787 79.28457193143413
197 28.567287198538747 82.69576044575606
198 30.115756753290274 79.39449359189044
199 24.880594886498972 82.77388159960556
200 27.792223993677723 83.85903779725429
201 29.529900849182333 81.1514643754927
202 30.426306646340556 86.03189754602668
203 25.55786600045403 84.67012738694673
204 28.89504725701439 80.34766821760945
205 29.92452878873646 83.30159678016419
206 31.29098234081113 79.83567828376026
207 24.85544037522188 81.82348724916605
208 24.722940332081563 81.75120718745171
209 29.07451585529505 79.60953522791755
210 32.8479575749748 77.854242571648
211 34.6158652754993 79.73444082079385
212 35.818414681204274 77.55027112204264
213 29.045026243528703 77.25435448705082
214 33.659192062961814 75.23926398193329
215 32.6165406727718 78.64676942610475
216 34.687221076707424 75.15374806803031
217 36.21998216722694 78.43044990699683
218 30.086729887385538 78.86087493172448
219 36.33196558130012 76.25566236793782
220 31.954857017772397 79.1880421217301
221 31.797532299012797 75.86539165545116
222 33.77689178321401 78.3936394979273
223 32.879272456175656 77.64838408659179
224 31.386273487064667 77.44614301712053
225 35.298122691255486 77.46488070312286
226 31.179015731605844 78.91596643903142
227 34.826867349314085 74.86399827117265
228 31.22445252287865 74.56024664825414
229 30.034584671344014 76.94229495554235
230 33.496365862910594 80.26678969187199
231 34.66413794568801 76.12855809703507
232 30.6369105668831 79.54269094600146
233 32.41263732052569 75.27321564567876
234 33.7739226892632 78.37461344052579
235 31.376468559970924 80.70904702606573
236 31.80939801916228 79.42564997602993
237 34.9434555075396 78.01219084884681
238 32.497986539509206 75.93100318430598
239 33.966564568495734 81.50284976988023
240 29.806744128792378 78.09257533742391
241 32.97144440379805 81.59351232694236
242 34.286186610038854 82.47974641877616
243 32.907811335472466 77.44552813932114
244 32.818495598807154 79.21258291377912
245 29.617158107532763 80.89025528745734
246 33.46535413758682 78.80332898788801
247 28.255128199133665 80.69438807531532
248 29.367959243273475 76.94214972790678
249 27.858767111641818 76.58151029336454
250 27.00688491892103 79.28727000001716
251 28.165364427148056 73.06938443397277
252 28.265040412852386 79.078919088687
253 29.921118287622914 79.00496127868331
254 25.103506546422633 74.31669815059576
255 31.02479900659042 75.203087316703
256 30.0940536181894 75.26520182440633
257 25.57317008054478 75.97445558485454
258 28.747108845017234 75.54838936227769
259 27.2115769642698 77.75330766971724
260 31.045369581018573 74.3566198711242
261 27.49250775205518 74.53527536772931
262 69.33086688717479 98.95615085504377
263 70.31753395429602 97.74620417131298
264 67.96428890341089 99.1953229835027
265 68.83520763967118 102.43330200537383
266 67.00574671353816 101.74153076180441
267 69.14119465974068 98.35097458836843
268 68.19388465401393 101.80284850188214
269 67.36135372655109 101.28394004643926
270 69.2728533986629 101.45900210957502
271 66.15481585908951 99.5528328950677
272 68.96317266666534 101.03652289604385
273 71.56118446253333 101.54626483155
274 66.79795965091732 95.86394411293942
275 68.71633839519264 95.96530842549032
276 68.00025697945783 99.87320465296202
277 69.55894860853458 93.30200967807772
278 69.91631495530542 96.9872802166481
279 72.55402606122493 96.99922836391151
280 67.4779939809407 95.88918174699387
281 70.94763277249616 94.41859202236445
282 66.95542937057849 95.81441431967261
283 67.21298841041836 97.18096313445619
284 71.82452575089208 94.46999265111116
285 69.40981290115474 93.29189158715822
286 66.28876717285121 98.68078507932866
287 71.3059399078335 93.2637053365211
288 70.67798492085971 100.24815222175093
289 72.33175135714929 97.02826224395547
290 69.07530045549653 100.05059824166787
291 67.59566884359528 99.79276944789603
292 72.39790313388293 103.60220646759495
293 71.20501922262874 101.08344113816703
294 71.94354625233828 103.57014809174635
295 70.97522167456529 101.52357283691502
296 73.681480401353 102.21686792409409
297 71.9845009474127 99.43233204262832
298 70.04182982633723 103.60344454026593
299 67.47878944518565 99.39394449972734
300 71.8027910295358 98.50318740583351
301 72.63136622187916 99.64763316379945
302 73.25680083754561 98.64209672930215
303 69.59722704581654 98.40742293821243
304 70.31233890422794 99.19035814745679
305 75.20152566150531 97.3337210061246
306 74.40638433611394 97.00589035493749
307 73.71652695114332 96.34330341809877
308 71.1091561520762 97.11116387320543
309 69.48898646968532 99.74601302322579
310 71.93551094605539 100.5323347881597
311 70.03232310568839 100.34798825543022
312 70.12372947376521 99.11467355648173
313 73.84877424508112 96.180865526201
314 66.66404295309005 96.82755568834999
315 64.49898404334873 98.24410953555319
316 65.74069319007315 100.10822906075721
317 63.977808486009955 94.32173146124008
318 70.00101792176324 96.27388894976258
319 67.03977434139689 99.29090193942619
320 65.09666935811899 94.64592007735894
321 64.45372079325396 96.96522494132479
322 67.44369574047512 100.11058444875748
323 67.14727448383721 100.64888852413705
324 64.74923259024177 100.24135711593763
325 67.40815854702197 98.99470755750212
326 66.53624521845643 96.94356318969572
327 66.91325760309483 101.2951481044922
328 68.56856040041598 100.69716911953748
329 67.52221443181945 103.61506456131961
330 63.529052028349085 101.33271374621606
331 66.34639627018474 103.99152855393287
332 66.20830812675247 101.25374343619002
333 67.17803893255159 101.17598116698397
334 67.55807207441131 98.84704359658221
335 69.95487489720622 98.83754558107543
336 69.19817656428374 102.35537242869732
337 69.95949869276463 103.28103937338571
338 69.25347989043797 98.35877193134935
339 66.88223748877641 99.9101993237718
340 70.02549761007184 96.56437028723485
341 69.49396215386044 99.96460730043313
342 72.43758717439334 94.21610421434082
343 66.63469323290163 98.03307894359705
344 66.62507063199945 97.45784827418777
345 66.42521505301912 97.56790968447163
346 71.26183212130087 99.57455940122793
347 67.12843848886114 94.86252575117548
348 72.67367549809646 95.82169547855105
349 73.36908310737586 97.03200632872608
350 70.08637263905784 98.35202686388385
351 67.04182986176639 96.1021150323972
352 66.53015129744533 96.67402327011752
353 68.86820021090557 97.79006738561029
354 65.27139931981903 96.57501864453432
355 67.62182794241465 98.53952385627427
356 70.41668850778136 100.15669867788645
357 71.19645340233791 97.84746438784727
358 67.50960805193009 100.15845194615098
359 66.52321519695741 98.46926682295432
360 69.61436313331748 93.94989331021736
361 65.00589796372388 97.59657148112046
362 68.50934769534906 99.20594895839452
363 71.7593232984896 99.64065618574895
364 67.86086976932474 95.9060392219865
365 66.20431562527106 95.11776606298078
366 68.07732368222926 99.10304082752033
367 71.80614069563443 100.23751480776842
368 66.34693161070388 95.77864697532576
369 70.87755154484199 100.44708914950316
370 65.35158167228772 99.46189867906654
371 71.85121141516679 98.65749254633886
372 64.53978100721142 99.86644804283473
373 68.55939008023134 100.615747474682
374 67.80440038076138 102.45625215782513
375 70.13104832548228 101.28387873614642
376 68.20196235949147 98.09217051695468
377 68.72708243768808 98.83994817428568
378 70.11786498902345 96.00308926458976
379 69.17577187983856 95.17638388613373
380 67.2135397179341 93.59497042761654
381 72.70853268377383 95.3721742544906
382 71.34331123715464 93.66522589417531
383 68.66018194329503 93.32967623394995
384 66.5247282489166 94.40956533904503
385 71.76933704720324 96.65841218051145
386 71.18077693132606 94.25581187565155
387 67.71032142414222 91.83219503614825
388 66.76981045772538 97.33166913171112
389 68.41224078317843 93.67376910812554
390 72.61487104327269 93.68463850004171
391 68.97267741122643 95.07719420227889
392 117.95298940742082 64.21003134460373
393 117.83288360919744 61.53929707200108
394 115.8020278486523 64.83172813735136
395 118.85049199115228 63.88130057557239
396 114.26226564922771 64.64891960494002
397 114.85163381434275 63.76012394308093
398 120.63482608366073 61.38728055550819
399 117.99511270524111 66.04293147364696
400 115.64405764288111 65.47268192489689
401 118.7779818025474 61.067885537990676
402 117.95619174293508 61.61446405163632
403 120.79684062464554 64.23012593768728
404 116.52380691626048 65.50898652858012
405 117.62825361563254 64.24400608412624
406 117.13183606501134 66.90022248215892
407 115.2412963708509 63.63111218871829
408 120.25972540459935 64.0272522824518
409 114.90540454386367 66.50869410040141
410 118.24315715374033 63.77886303127226
411 120.44633428648378 64.42356529678018
412 117.97480029622471 64.77401574288272
413 119.37617073795782 62.48755076698366
414 118.47697858201579 60.36278971469725
415 115.9878762763627 63.50561946053949
416 113.86139630663943 63.38778001583436
417 119.0002031311921 60.75464111698941
418 117.18920326882429 67.01170107554987
419 117.5429415494944 63.93258115029644
420 116.06181968168859 63.41130057025103
421 113.68169624355906 67.24583790934678
422 117.64486357132837 65.65036255442669
423 119.30535991844887 64.63471930317347
424 119.27671083991058 66.33819762244237
425 116.27732746170763 63.551805916699855
426 113.90911098876823 65.12348555750995
427 117.55228808831662 66.94756302193429
428 115.62945675337625 63.53028615388331
429 115.86075084333339 66.23040653261062
430 118.8325864055299 66.04639656705999
431 117.87674013631747 68.05914609550443
432 119.30501050723011 68.97436524871372
433 119.46306199169005 66.55460264592827
434 120.54511244816428 67.34323458725616
435 118.50732418855702 70.57435547446042
436 118.98929695186526 67.08945844193026
437 115.72844518746221 65.47883805762048
438 119.58885031480597 67.04234114765721
439 120.82214492779894 67.28022127054668
440 121.40753093184226 66.49955696608203
441 115.7208424758832 71.26637781614194
442 118.96704300028375 70.05939540257229
443 118.5728037774259 65.14459628537519
444 120.05936311230533 66.91834035391287
445 116.47271205579258 66.48727780549032
446 119.30690564891171 68.71611061472157
447 118.91949879440797 65.0620168171717
448 121.4696051082258 64.27008101375573
449 121.35865256735111 70.13146576862064
450 122.40839358491212 69.22657669951589
451 120.00145955572764 65.62098903555201
452 118.17252167349615 68.10488779610083
453 123.90311171330039 67.04048419523197
454 121.52732482083927 69.0994412888854
455 120.5385916856549 64.46039739270633
456 118.83981138004093 64.94110486356547
457 120.757475074749 63.06137609253494
458 119.40833476620134 60.718199172541695
459 117.55374518514508 61.34374572575547
460 122.5855384314956 63.22922500970265
461 117.4551628224655 62.410181874635434
462 118.30676338492283 64.07665353569004
463 119.075752150246 59.83700544143576
464 122.18206338558247 61.697916162768166
465 122.45927587783787 60.02803002631068
466 118.12589592691553 60.95748735749772
467 124.43496588805024 61.79845324436502
468 121.6613393749369 64.07345869082276
469 119.75194893806015 62.196406696348724
470 121.73920629647576 63.48116574220128
471 123.76689808845 60.09431941558574
472 120.60635085033037 62.82135649487146
473 120.8396298338652 62.12655649965143
474 123.60314330082689 60.59000931664772
475 124.62451482482687 61.853271203609715
476 120.90891054912817 63.329437908486064
477 122.86829836190617 66.46923796784328
478 121.36446713706759 59.838327795886535
479 123.43728412233025 65.55643796954405
480 122.91493756735946 64.2553099011008
481 124.51140119188126 62.66724160281745
482 124.6073516129391 63.72971558590151
483 115.84067972759709 64.11757138056484
484 115.10021955353561 63.839046489740355
485 115.26096894728533 62.26481350418
486 118.48374029613804 62.121962253232454
487 118.19775988015354 62.99256932130075
488 118.017497113926 66.94354639243683
489 115.64914449399019 65.51488230391188
490 117.27906769810957 63.87611270848873
491 114.61418390679253 66.9750068522093
492 114.37157733813616 62.04967533919875
493 115.59040717944781 65.41537711535138
494 112.73289290931872 62.42397473495504
495 112.78526026046175 65.33002833271122
496 119.94338084674078 67.09945570562466
497 118.91251965542399 69.91135030270014
498 120.18317019116189 68.81100000606614
499 121.31832734042102 63.59606893978909
500 118.05735423388614 69.88976605286061
501 120.58475620055482 69.67188130381464
502 118.62940484899376 65.25383919953296
503 123.26586467837195 67.68226611080898
504 116.72472294452595 67.45985550083212
505 119.81671317576617 65.99753969935287
506 121.04108872739297 68.29974543046693
507 117.01635043543601 69.54225901338164
508 120.04949966616405 70.12466171803464
