2 113.89998904962883 110.5605617012063
3 117.07342649387081 109.51398221100048
4 113.01344281063557 109.41537521278276
5 116.2952570382574 109.14101807714522
6 110.73461605295098 111.97941616138563
7 112.27477316227116 113.05457049086178
8 115.975762823336 107.42739891214065
9 117.80093535268327 110.54812323387071
10 115.44423520366635 112.57001334750237
11 109.92593305697496 110.35128306416736
12 113.00728284310192 113.7657885079045
13 111.3357128289116 110.91507132160463
14 108.42855991200057 110.83962960884105
15 113.03343659129882 113.50261795612772
16 113.62729979860102 111.17047509515963
17 110.53225253808569 114.75575635215785
18 112.3652900624172 111.96651256186948
19 109.58991028615245 108.71487514606103
20 108.55784475295984 113.00291715922822
21 112.72921162062259 108.16437989906149
22 112.59616939601587 110.14527085929916
23 113.2741227821685 111.3579006731737
24 116.13729298990472 108.32360319260745
25 117.36166577485726 110.43016337530959
26 114.52347494341231 105.4041290717443
27 117.37702179456738 109.59856307314689
28 114.68869716824857 110.43656626634527
29 115.10714043239052 107.59362568259988
30 117.0251713606793 107.16126023691635
31 116.22142556437157 110.91629782332562
32 118.88966829505485 110.91100901670077
33 116.54224262992112 105.84131054885401
34 119.38043938344137 107.55598116878701
35 110.85349266187103 109.452952799692
36 114.04880783280235 111.1447187459197
37 112.86957321123519 109.15561347906093
38 109.5271557193727 111.0670348016583
39 112.22546084188154 112.65783537511605
40 113.50280082996875 110.5473254517602
41 112.4225339270102 112.64630928764461
42 111.38197283213034 110.15722460658397
43 111.03506986412236 112.8351299757287
44 113.99646839223833 110.44316079419424
45 113.37470386549728 112.22259216271313
46 45.36805163345352 67.67214003222895
47 42.52287207207203 69.14323448555565
48 44.27727305414831 71.35363755053523
49 44.59636495633636 69.17411848074556
50 44.624714383157894 71.44725025391749
51 42.31021620422306 66.69684555108891
52 42.63431738108471 67.49971921177153
53 43.227401307506696 68.58409553144912
54 42.18471774072165 68.12090763275022
55 45.23929670849369 71.61311714760565
56 48.73424022844242 67.10854052044854
57 43.58933966327926 65.326096957224
58 41.35187497943183 63.94938904493765
59 40.31544130441798 64.45077371624788
60 46.173351488559305 68.2230923945452
61 44.946653590026386 66.61314964593659
62 43.72378392325682 67.08408444228988
63 44.85639912742933 65.95787714561183
64 46.236035585058545 63.64162472727977
65 43.30749057239787 65.79491197363242
66 41.03554876483872 62.82394776552365
67 42.2658752658981 63.182064314176195
68 46.054577606469266 69.85513206037943
69 42.90499743999706 71.5005999064594
70 49.2340580191657 71.74251220316994
71 42.86228250421958 69.99992137202311
72 46.69919298308476 65.96586589593853
73 49.24728225151843 67.71010785171067
74 43.24316225652108 68.00242834452898
75 45.78798935445591 73.7039240406437
76 46.44792095097822 68.43702372395921
77 47.635767638064976 68.0719700255644
78 46.425831896674524 70.08330247851198
79 49.000689376870795 68.31770287262961
80 51.18705887077222 69.89652346303221
81 51.40825905668204 66.95291359492445
82 47.437953234701716 68.14338094532188
83 50.88381859982651 65.84468246115829
84 51.986523870766035 65.8257330817386
85 46.64998136972923 65.63010603915214
86 48.99743370052925 65.04836748877952
87 52.09952032572378 69.68955770311462
88 52.115065915533435 68.72749293195989
89 46.41775366169408 65.36487372251361
90 47.499016332996995 65.90396686443987
91 49.669574363394716 63.20158020695343
92 43.5649862247628 66.21076288672577
93 44.41273790787994 66.07913017792772
94 44.657951092822096 65.46230629578974
95 50.383471057716534 63.46961513994822
96 46.02421750080501 62.72229274924241
97 47.347335550196846 64.94299771657857
98 46.49392976758725 67.00164408719809
99 45.164132329949325 64.56148234789107
100 47.701243487579774 63.100146148968754
101 48.55523295892183 65.33012667665831
102 48.134228659788306 62.771470470526296
103 49.47196569104356 67.39325375968093
104 46.03346570897975 66.10970772230033
105 50.43537826256838 66.23730152779524
106 47.34535560846891 64.64778282796179
107 47.14250779367771 63.96331093121263
108 45.455757527023444 63.86841149419727
109 47.598365267846496 65.68374761267275
110 48.51638449245915 64.47145387070785
111 50.911264613804455 65.9865056318395
112 45.41844342318049 65.86264997466083
113 46.76088231644819 63.639386361596245
114 46.03501333707216 63.404909111233984
115 47.03405792674027 64.0152230583916
116 46.228921311869485 68.09979518294695
117 47.96173631794986 63.674508179645706
118 45.778483483271906 62.105522314285
119 45.15287322426823 69.1759588453234
120 48.4753494003012 66.82760055216393
121 48.00563235953502 66.61681569868497
122 44.323952497390245 63.88774029447666
123 28.139367831688553 86.42149010041611
124 30.033822384028234 85.80601474112659
125 30.677001126956633 85.86328847054153
126 28.839776582782147 86.80037913443758
127 28.280491892999834 87.8858429571474
128 25.592327617799302 84.32836989100215
129 30.324096091609864 87.41893964420274
130 25.27458548030654 84.55858233547164
131 29.88278669234849 85.60185525653543
132 28.51364703216091 89.45935510889882
133 27.932572883954695 89.49341190218114
134 28.113708283995297 84.58806355774792
135 28.085731884363405 80.92554107220087
136 28.262753699519443 82.44674067926027
137 27.51548756184935 80.9853728846763
138 28.61385168054568 83.46798807241163
139 27.46279431966573 84.38310488693509
140 30.692077378040903 84.07610602085586
141 30.729745169725962 82.62792962922941
142 30.08558899156074 84.1452636683155
143 28.514464554045514 83.19831283891922
144 31.37804913299736 86.8050110052583
145 29.537990210665566 88.92705873167628
146 28.608421727334232 90.75065959411114
147 27.703779981693142 87.18161590169838
148 26.76260757677532 89.738885396597
149 28.09421282005162 87.07363452612971
150 28.24829765994437 90.85145571331003
151 27.50600123109049 92.02074543222584
152 32.690220916771636 86.90213114625655
153 32.28742229996158 90.6301281888942
154 30.024106026041036 92.15940145992693
155 28.33499290657661 90.44083748474957
156 27.895383873369262 84.83605967525925
157 30.82425996620824 84.19083370592065
158 26.021503459042147 88.33386110920507
159 28.558475739141425 86.57148503876986
160 27.113769472668356 88.5478190816373
161 29.93738343393617 85.85357799603014
162 25.172153341156694 85.8528608891613
163 25.58185234376553 83.2078479741431
164 29.58978416312116 82.5607172437304
165 26.5322604830853 82.85622295095797
166 30.78420485502776 82.39786842602565
167 30.10859074536476 86.24438379703773
168 30.90622079659924 89.17375480309707
169 28.25799869122053 83.39025030099438
170 27.971754008274345 83.00450283189112
171 29.930993688446602 85.40068168336805
172 31.495882222244585 87.67831873276052
173 31.472609378189237 86.5672226365482
174 27.181856225940315 84.95683993110039
175 27.264317039695722 84.2011564402915
176 29.642058823150617 87.31725545916322
177 29.855914616250043 88.02679730903893
178 31.62600359804974 85.50689664244825
179 29.63633788053029 86.9887755637336
180 30.357201805754507 83.41676684642293
181 30.582226854687008 86.85558467634496
182 31.383184920364528 87.85606734656648
183 28.58092650823707 85.27381603805777
184 29.63749820733385 87.50626203530598
185 30.349520645491552 83.95370843517973
186 33.057541658540906 83.30561472210589
187 29.92920710677703 83.36124593427384
188 29.626738996143768 83.35556712516637
189 28.943118784547607 82.84713431298871
190 28.083562971852785 82.09042306310288
191 26.336389508625178 83.51253818214397
192 30.175074559011335 85.19694301726685
193 25.677380955880984 85.02131560011841
194 28.70766646096386 83.05906188706473
195 28.22000207601512 84.36919858969183
196 25.90623348387961 80.91068832684496
197 26.330268617215946 80.31953597679369
198 29.559129494275442 82.11913673904729
199 27.53986128123543 80.1981940011703
200 25.7627900595838 89.54855130928767
201 23.917063742260375 87.28425830632699
202 24.94452963373186 89.09003172698212
203 22.551460339984146 91.81937447109175
204 27.36108860555131 91.0548495595059
205 24.590454673732545 91.14113496573536
206 27.482262993086376 92.27457171677707
207 25.64367171996177 87.90432281164685
208 26.031486712359577 85.71029427981283
209 24.399553189002333 91.75853778024837
210 25.36317464958164 92.00563429325231
211 31.459598120918656 85.82883333404291
212 28.7203756037755 87.38127180813281
213 31.956418593847292 83.04553985695637
214 30.9641148034906 86.63613849289816
215 28.504616560936874 83.18371908382777
216 33.60791052603321 87.26085167405282
217 27.897135380088816 87.37300860060166
218 29.97692073548898 88.74168242215022
219 30.403344742935722 87.67240769230453
220 28.923418141783586 88.04563524484085
221 34.14811263697244 83.58139325395965
222 132.6460683516122 127.24208733284682
223 133.83518436753047 128.93950753515384
224 134.25390800537988 127.34932448795415
225 133.0860519191429 128.1580708159703
226 132.57166086591823 128.15687884406645
227 132.95699784129133 127.61820375178831
228 132.76585174657885 131.08485372284602
229 132.8069467629069 126.30288773325104
230 134.3902729764277 124.22567920028747
231 132.00854506151705 126.93580985871866
232 131.1550564202832 128.04515883283776
233 130.81628914191646 130.31757559283784
234 134.77095273525282 130.76340428961166
235 128.53312787574347 133.46536994814448
236 130.55518069193582 132.76755139346767
237 129.17722093133204 131.00161100372745
238 129.82802152390954 128.46882415255686
239 134.47791685544493 131.8240460956151
240 130.2225233589758 128.72368750594674
241 127.11026070101735 129.6126762875268
242 131.91261273427227 127.38163514229672
243 132.07843485963565 128.4252077273184
244 133.22819156131644 130.80770327677132
245 134.64998023217402 132.20194337817395
246 136.52156846563184 132.63582286128286
247 136.941879951253 131.2966271305694
248 135.44267347426623 130.09329443400605
249 133.73927420226016 129.40942499248703
250 134.35586613415478 127.92134524831486
251 133.2417492610591 134.67218371385263
252 134.99145091475444 133.17296804035928
253 130.39583298612254 132.94383885277352
254 135.87479718189698 128.53000145838746
255 136.39855892020103 126.52416161329671
256 133.51465794043816 128.65778257916102
257 139.24492391223956 126.32662288653819
258 134.1530785559087 125.87482099224948
259 137.22886241625648 129.81979186734299
260 138.96677255177264 128.91806367303064
261 135.76872464989884 127.05440737454515
262 132.53280085057713 126.3152006074224
263 135.66863808456975 128.52847214114635
264 139.728080965912 124.47299742506898
265 133.12213379001548 124.8273508309766
266 131.46261922147283 131.0067839160369
267 133.11180461881136 132.17006300554186
268 132.87192618919062 130.77744646921118
269 130.21940483843008 134.17707629071117
270 133.4470627514867 134.4473771426066
271 132.57817588076668 129.97487708847294
272 131.62279173633945 131.8042189131359
273 130.16479297181527 129.40785612397636
274 131.9217815805621 133.55565881917963
275 133.58721107561385 127.75886259845666
276 132.75483112952358 130.25234379135753
277 134.13673693737206 127.53861056471519
278 137.2591806710382 126.87584175598892
279 133.4280586276134 124.43152073531297
280 134.7783956795757 128.6755853239882
281 135.31408946294528 127.9603593003485
282 135.49845704886388 128.8643923593974
283 136.30457155225204 129.71508839975857
284 134.45877697200103 125.65804418969681
285 136.4135608358185 128.3911308793931
286 132.78185495673642 127.82658934785971
287 133.48090101297942 130.6652516901878
288 135.69302721340543 125.06801509777888
289 133.96037227868777 124.36958887963009
290 134.78842762117478 122.52914339344098
291 132.9701921035508 127.36196766341703
292 136.2974810519145 128.80705613247713
293 135.2391942120019 125.31395907245704
294 132.52547411704424 125.74834251899222
295 137.90356252729316 126.20975072412578
296 135.3530984154396 128.4811847927516
297 136.39735137815046 127.19836099755476
298 132.70540425173155 125.04191052221539
299 94.48312595822577 28.93291415168801
300 92.44539470851113 28.823689644952463
301 91.96533569875436 29.669739951772243
302 94.35830655492985 27.235320871756517
303 96.02904663285705 28.04447782402847
304 92.26460821133186 26.230321078815955
305 94.06576059757494 28.044776467932035
306 97.21411414818309 29.39363057970397
307 90.80288017048505 28.07137996272038
308 90.75599442827011 29.039093607593138
309 96.17831186712652 31.05786110474797
310 96.07610710539913 28.253899650184376
311 93.17347111903996 28.970375193348865
312 95.78251332802392 31.712032403290255
313 95.68608518238526 26.46388405480561
314 95.69658995472882 27.76832746486855
315 92.52352393746152 27.00082969156069
316 93.58929820460568 26.418071036551293
317 99.01070969868815 29.975115777638543
318 98.88349464618724 31.04303160878949
319 96.00407027038183 26.863282699612494
320 96.1874318996066 29.851998864490156
321 96.23531616809707 26.920676754604223
322 98.6814943247049 27.41903858965493
323 94.66217485129569 24.105607203710765
324 97.85952504038048 25.47070445892927
325 97.17640643151134 24.99504311190863
326 95.1095789800796 29.97811941468467
327 95.4191605720685 26.68844649639404
328 97.0697303176454 23.840033683273248
329 93.20502288175464 25.473166391040053
330 97.54041116242276 27.496887064584417
331 96.46598342342186 24.734259918923556
332 95.92327022396464 25.85668416584645
333 95.71688208711501 24.073749115412
334 94.46807177168861 23.79511892706955
335 99.6209405516687 24.466689950612615
336 97.9018402778676 22.681897816066673
337 93.92625940980172 28.38030104613334
338 98.53449514993032 27.633112434386597
339 97.97291207833779 27.758529076553636
340 95.96179503489684 23.47851731735982
341 97.92157610920945 27.76289865478253
342 95.92850889992897 28.56648100278285
343 94.74242229986073 27.61952813372332
344 93.2571182956976 28.9931646591763
345 98.11778535312003 28.10093211034139
346 91.26715032759483 26.31828628517385
347 94.47386460812712 27.137850714846415
348 92.29034770286535 27.43815220030271
349 92.44142693829345 30.313761268641926
350 94.96884027571171 25.625138771488754
351 97.24100346373264 26.29166747421384
352 95.04777362968413 28.74692734830637
353 94.59574546377411 30.613644722766225
354 97.34031739214248 26.79890253513865
355 99.93557326178893 25.6313472256893
356 98.35600061512426 23.46870901404096
357 100.29989504415339 27.046433845111984
358 100.14365787516137 28.234307138399757
359 100.33384761559255 26.908698358808845
360 98.42438186515938 25.656186702512088
361 95.29197396826444 28.44986326931866
362 99.13919651088882 30.01912322116162
363 98.42917930138188 26.6725600600902
364 96.35120207264002 28.814231824957865
365 93.56885813660196 27.932672753381464
366 89.76875940225021 28.461971167813665
367 89.60591784502147 27.500680295665752
368 89.75156866027329 28.355643802303337
369 90.59458132616149 27.029800529020818
370 93.29630773168226 29.93232056853257
371 92.80262760681553 29.7045014467444
372 95.88408248455542 26.98705260292855
373 96.92211729731427 29.13787923713616
374 90.07418089617276 29.605712306405174
375 94.81129081452022 31.43467057881787
