2 93.18943174236679 42.70753523661272
3 89.1399890804887 45.54305908646885
4 92.38081331155328 48.39491628777025
5 29.894530098784784 80.0105238425082
6 31.783716230051358 76.89118524543747
7 32.731101163860224 78.3546838245963
8 29.707553794650078 81.78138600001513
9 67.00574671353816 101.74153076180441
10 69.14119465974068 98.35097458836843
11 68.19388465401393 101.80284850188214
12 67.36135372655109 101.28394004643926
13 117.95298940742082 64.21003134460373
14 117.83288360919744 61.53929707200108
15 115.8020278486523 64.83172813735136
16 118.85049199115228 63.88130057557239
